<?xml version="1.0"?>
<opencv_storage>
<calibration_time>"Thu 21 Apr 2022 23:49:53 MSK"</calibration_time>
<image_width>640</image_width>
<image_height>480</image_height>
<flags>0</flags>
<camera_matrix type_id="opencv-matrix">
  <rows>3</rows>
  <cols>3</cols>
  <dt>d</dt>
  <data>
    6.5744426496211395e+02 0. 3.1352543875613742e+02 0.
    6.5636964998904421e+02 2.4247040485296782e+02 0. 0. 1.</data></camera_matrix>
<distortion_coefficients type_id="opencv-matrix">
  <rows>1</rows>
  <cols>5</cols>
  <dt>d</dt>
  <data>
    1.5974483208405685e-01 -3.9256246774018788e-01
    -3.3331202830189847e-04 -1.9411750251069170e-03
    -1.1495484296576175e-01</data></distortion_coefficients>
<avg_reprojection_error>6.3546491582255293e-01</avg_reprojection_error>
</opencv_storage>
